lr0: 0.00887
lrf: 0.19986
momentum: 0.97169
weight_decay: 0.00054
warmup_epochs: 2.41394
warmup_momentum: 0.73775
warmup_bias_lr: 0.08165
box: 0.0508
cls: 0.40445
cls_pw: 1.03158
obj: 0.94
obj_pw: 1.02
iou_t: 0.2
anchor_t: 3.96535
anchors: 2.82
fl_gamma: 0.0
hsv_h: 0.01153
hsv_s: 0.89008
hsv_v: 0.435
degrees: 36.67506
translate: 0.0871
scale: 0.40114
shear: 4.2383
perspective: 0.0
flipud: 0.41337
fliplr: 0.5
mosaic: 1.0
mixup: 0.19529
